769469	914282	496410	832023	812759	535862	933519	208826	896845	199440	529216	189576	51651	805641
672826	434057	394702	138031	717142	339522	843109	972482	831534	253106	28778	360971	456196	312679
256301	728146	819708	405890	721533	380499	56452	279020	786450	397735	318879	353621	334854	62936
879401	640516	823008	760848	117652	636704	426925	121953	209621	122340	445445	470963	784203	340947
120730	296422	600023	206542	550825	763254	90452	583445	550115	592327	627400	450851	357536	554063
32880	826172	789502	462456	598257	523482	521104	996111	20543	630178	571309	998554	685071	84952
131512	978612	209476	153194	673255	95272	57165	665954	327876	589559	75476	857852	84467	220879
974653	338707	95676	163424	685774	823150	477425	535609	789905	975805	369704	805195	89685	170262
294253	440646	972778	311625	455481	732250	704167	12969	710796	568998	412412	745274	390184	617913
969168	474206	149360	340814	487253	839951	467678	540005	54686	986763	96176	312518	990274	661495
153819	183032	638094	432227	552431	139114	759139	652824	906077	551873	101206	39098	114474	904552
24686	142939	231418	476016	277214	845487	696887	452783	876956	993811	641636	865915	451084	637876
825708	668800	900737	779631	499436	507067	908548	170820	525667	521405	484146	263356	230671	881496
359207	364796	590235	831867	403302	964323	96143	269913	253392	74253	435483	123989	685283	687931
476113	855124	397325	211146	343422	694726	576631	698159	755540	4870	556910	38241	728499	513757
741421	94622	983104	256223	295276	38277	131634	261336	230913	165477	273621	168041	872013	409926
238795	820489	935081	820575	414374	694715	524337	159333	741874	777137	302818	323427	360928	296265
249017	55501	466984	477886	642200	42468	880070	583578	942218	265461	530240	313763	589580	741063
407913	872300	841863	586123	618580	642664	486745	722713	126748	572290	166308	449984	359841	546817
230725	749381	834701	441099	376843	692239	943154	806348	640985	493914	278535	636873	493484	564035
540778	982543	291680	281366	749009	305922	990896	662046	561229	185107	367353	186869	377183	646672
516870	202007	625688	47164	850204	279547	996053	951109	730377	656536	257882	712061	971781	552249
900982	90312	505723	442749	764013	890937	531031	862587	495140	950635	674771	484074	564964	850884
275004	816586	856768	529634	232783	185686	394598	213437	163285	340934	191161	48207	229986	249443
476080	309558	699568	427185	151047	133152	233823	223992	399147	275514	741876	233679	870960	646472
910802	942415	685603	564357	802936	826889	200646	326120	921416	854237	767507	471363	482036	935114
464604	312496	556126	668030	423655	285913	93363	847714	353972	454397	387149	552417	109497	656659
654751	869601	580074	641123	760772	481303	365819	201182	493415	452375	122455	989878	12215	391014
814162	172152	220769	888872	346940	850365	345627	691847	964943	554648	199225	463801	412244	217519
729582	324005	316923	111079	641200	272728	590669	736390	699461	428656	391302	175229	752413	135793
128343	930864	861943	61259	279929	724315	300347	764826	698667	306130	30390	117274	624804	90466
97743	219917	532775	285075	980655	153521	636640	721767	131614	433267	727386	557762	848269	448893
87875	961454	23332	776993	992040	573057	277247	382708	208600	842929	762872	4626	271009	391701
718145	908638	977021	762889	641475	857930	504490	964889	623386	274539	93161	464694	829185	6341
181449	636835	732947	970885	85098	487883	806744	945705	65951	995160	400163	319403	889479	307426
898226	419208	192891	737139	964559	457857	978377	852118	712457	336033	231552	891844	972717	188655
359721	5194	494715	272254	35375	370176	843463	356668	163933	539529	438228	45978	81565	339531
323367	768534	498171	102906	856809	880097	806845	310974	430346	226117	411378	242411	426947	288813
278668	878414	49809	3107	513606	740740	825402	31592	528104	795300	107557	80787	78563	271714
772940	415695	975372	9887	218310	243200	86753	273393	455256	766398	696557	748086	789755	872027
736442	995256	909504	79635	445556	904411	859605	547965	694903	337048	885703	736989	624112	710458
488385	888262	215024	51187	6923	383241	872391	542973	517734	18210	103277	36660	568425	559871
250683	107267	821040	989183	473908	227563	51596	964253	174423	542008	631929	114742	561398	953710
317471	858347	661031	126950	115841	921918	195048	252521	725253	378685	776439	435176	821741	157446
4276	889300	596798	967036	184266	224224	39127	569391	217885	228553	362004	293256	576995	480275
756066	22211	193954	299212	576708	687544	665352	159810	946114	940408	111687	374769	219451	682651
11786	192807	659039	882840	911774	131423	432979	909574	267491	549368	913551	483277	523859	907649
495886	360072	991329	104598	117393	475382	891525	434560	60753	948535	595701	622568	487737	481108
602217	132873	296080	380736	777411	324282	165180	767099	965753	842225	977164	131304	141516	3423
657833	764408	953625	508664	405141	698761	948340	278916	398251	875096	925390	739437	333561	155013
11619	737688	453849	74957	939211	614411	595367	261527	296027	857808	427760	65515	285089	316377
45651	363224	322363	387074	539362	566493	118757	765155	745886	322733	154438	97599	100842	883196
74546	779558	616336	705926	825065	896113	749239	105195	341372	436019	809802	547699	453251	780616
45285	712389	720771	614882	412385	622471	829728	857362	297036	485567	888232	187758	902721	359743
511627	802367	281705	412950	266231	106696	555611	596614	2359	635059	405555	610369	823818	726996
542922	830099	323156	256848	35513	271043	941229	656044	219324	767862	268948	726058	383922	999297
136483	19599	251627	322320	432875	794299	307372	62676	726753	915271	736259	624377	20792	613630
484562	107443	583663	160383	482604	278210	471296	122949	101371	430160	671909	230059	44533	329613
762519	773355	129227	930307	640907	402049	542842	134332	19235	345905	826425	722151	790596	703754
523870	436257	626370	562714	852857	121559	386722	930166	307648	288132	272263	718545	309000	134359
320779	249883	537444	953958	71355	255575	628346	621269	651886	106415	973983	921200	328985	287093
914110	869323	608530	527577	632454	618142	382612	146423	73670	544136	286627	506290	341207	66287
545981	272046	726975	478573	779546	123112	799345	293736	217579	624134	52015	33844	588267	835253
532860	839716	873845	996102	959087	950225	497734	75522	927462	428905	837502	141405	460182	528145
168262	959520	532446	868876	982288	941294	956847	127401	201082	591110	280848	174322	119681	410453
578801	403394	170706	81821	855155	407346	245042	232564	199756	752710	835596	241042	823128	327913
992606	876481	147222	2100	324434	107567	616786	328964	835275	814843	883596	54829	267707	717258
307639	534626	857737	686529	816087	268958	761980	555849	420698	651052	976868	843911	288590	675927
398113	953915	788019	533856	241264	103648	424332	138734	936247	507346	701148	34159	917998	266371
876810	681625	275799	911940	956425	909313	974639	406273	140697	355489	288955	812518	990268	460576
458701	472885	348343	16711	989456	252708	806705	510043	299173	479811	242671	784154	961758	119243
874222	838370	527349	124203	247304	122462	7412	132341	90901	794727	470967	510981	703490	13112
813553	988900	483426	541196	73929	765140	654344	158588	498073	190027	484897	767719	980455	521596
951910	829650	750418	306492	124936	608297	234277	344547	468029	649245	524606	971996	400469	295543
118156	516061	801429	542023	528222	574447	473631	408370	412766	343209	852151	824766	867324	109094
935164	848093	510006	723173	81465	184338	350616	683424	990535	333204	371237	590082	26715	769624
908540	325895	805792	651956	837529	317946	73181	53839	5439	221228	961908	154336	960626	63603
316509	751883	945383	56365	950314	26748	523151	409967	258913	816840	198774	185308	725501	9679
718626	279990	761411	995497	353438	955580	458015	323467	655114	663056	399064	526341	246903	558917
123682	209257	702217	350786	549858	381095	791913	551746	326728	602808	874214	386357	628179	768957
473983	664280	319702	13945	15167	108	596910	581513	265815	356180	633313	974720	701040	608743
131451	262552	867718	418399	156124	258458	949553	989018	11740	944777	409628	177057	590906	562902
438092	361744	876460	111080	474753	974885	212262	937341	903387	61960	726906	683486	665400	513446
714061	61378	12753	657754	927015	516863	791969	938984	844074	701757	992959	27594	243040	619761
365089	57359	805721	276822	984751	505206	593073	611426	748703	28352	373840	591428	739060	886881
816421	777780	851613	666150	284017	464386	305944	531802	746550	391869	215438	175752	286059	92709
335656	525188	772875	518119	967059	78137	535455	198664	796063	197528	557405	987339	107940	124434
967307	247005	249106	298749	618016	624236	163592	778605	944511	832285	685184	693671	736999	664240
666373	488447	529919	912961	831277	760789	239292	277776	297363	123875	489052	300531	186812	905188
116851	374264	182975	358891	193386	469490	696521	402840	597647	997521	652574	548325	99099	566450
457246	685810	956336	807990	593808	395814	711836	838513	103843	515314	24309	457092	379345	59710
268925	577968	369861	200088	91301	285776	947075	744010	866699	707269	354572	296395	515308	509801
996339	138094	8626	335520	195132	53718	247919	647732	609891	106877	728486	725639	425498	839183
233666	766312	527569	486590	634621	355298	119851	277403	553959	758242	880508	368627	206231	928006
160325	163432	162307	272066	821525	579321	432030	582108	207609	216137	840023	907329	98736	771663
827500	661739	393493	627454	271031	776861	786688	755336	427385	328986	256450	64208	5961	170100
371369	595188	876935	349800	880943	407681	100	757917	235306	565480	6991	877271	965962	686545
288209	326888	254723	373699	136154	785571	932714	729520	533013	323616	993421	981743	395451	146108
402941	792613	261249	590338	291277	389964	843498	55349	556604	110069	935799	348756	197973	260876
93074	871596	978681	734279	12244	135558	737509	915341	542462	434808	713457	836658	655996	297796
283711	847335	949225	615069	222375	704059	957304	914128	57132	418122	282245	534638	889538	940394
979695	129605	645583	851060	788175	925874	4973	828835	319452	968442	8334	210758	569687	177726
280650	463085	182729	830988	52665	815535	803743	569244	615567	297324	406180	256779	938244	284471
590880	489897	685755	476808	710319	290214	646364	276153	963782	898898	547088	631797	565116	365623
908537	31884	838332	439289	260696	714329	263692	462831	165430	33343	174130	63394	309985	964560
416334	65677	54614	989324	19541	492359	176663	790091	798464	138352	26401	240455	957070	340195
495368	63850	932651	338946	899481	475239	777200	188219	721076	292160	15149	630650	860677	178580
491091	310755	18895	733826	925929	470055	951741	973093	869593	421221	212684	718176	861182	21418
141956	644698	176312	2379	648013	444802	122508	969688	985206	406120	410177	198582	514242	242815
949962	918534	234559	629159	237197	988582	262940	279896	165037	935885	670402	417782	542318	429076
122486	362501	597233	726793	692334	698736	872046	96062	754912	294396	241989	622794	798769	437853
177358	233456	157903	951766	534810	732696	221990	227631	333847	25280	504458	556705	766078	694948
474031	272569	279320	78546	327388	672906	772849	168851	95898	634059	359341	887325	464195	324640
71745	751341	4816	659242	778742	821353	624339	610442	692942	280785	519839	400477	963429	445567
696908	125710	479244	707565	694587	5615	938456	231096	198639	563328	507125	888518	333531	956017
319828	401253	610871	499201	513827	28029	320685	492123	36510	961761	739658	669216	460177	895052
18981	213291	183582	743029	121539	908344	924655	880597	202644	38072	285378	473434	797365	15704
444287	102954	209439	205136	676332	365732	423874	715384	414097	533489	854630	742620	90755	665233
491773	888216	168032	749116	903765	173623	953550	225028	391568	362652	600709	386635	370310	522256
447973	698177	817135	482978	106829	774560	867471	535158	202827	749344	572146	349768	939388	958952
16960	910926	166256	858672	616611	572074	804891	257042	248451	400549	257242	227518	407887	638330
45026	766748	392918	661756	795607	626503	448621	645062	208911	608638	51075	8208	402234	960244
984001	561053	797611	243658	418987	690421	305875	77769	489323	191466	866861	795056	156769	61170
843951	398669	23066	990297	923341	422635	447594	420408	630327	617223	791372	517549	843704	296948
625686	521308	615527	501578	261209	740997	381822	203597	10492	479389	107956	725458	478482	947633
258655	944655	619941	444283	423146	84137	253445	720670	267366	197909	634125	688993	80304	689197
394694	793087	159253	105944	15247	808260	331720	176968	420659	859875	332414	659198	732949	403682
131288	597446	259150	611493	504321	92942	413546	45559	612146	475196	834297	359524	514108	786622
721553	382095	189845	500395	569733	461252	897370	57522	822649	250171	439724	244644	481364	613307
788093	1440	946532	457267	721133	313736	247913	499453	143805	686085	743322	439936	950231	388835
604370	680392	229177	255864	380672	930102	871636	481982	914005	730803	836542	883513	899368	784411
652894	642136	841482	481166	669765	810897	367378	156332	659666	601136	786131	364551	303510	782116
490803	659556	994703	556713	888652	425461	149330	237088	792825	328235	943682	797853	544948	148370
966074	668680	663196	837683	706097	383276	754153	179056	421737	542789	475812	384243	785010	974696
713182	364253	112159	817516	471107	105492	728012	824681	971382	228201	970008	627380	160944	96437
975708	93191	192740	206933	943107	775299	902880	390976	358796	294054	233516	350147	818839	818202
966564	622402	927344	661650	939407	141015	426928	725164	625333	793001	728831	768879	362260	823618
990205	888055	815207	973071	586264	186219	869822	114647	964628	898113	654145	778988	954834	681570
683121	778313	599839	575046	499836	194147	419459	301368	247498	823618	630207	400081	484088	59376
372052	195170	832753	770351	352449	69683	105306	969106	705758	322049	635200	568349	978173	171446
647912	628006	504578	748073	590198	950913	715133	564761	926932	307735	54243	235850	258066	219331
506540	248479	519818	847602	987045	12147	92051	381457	402740	575832	709823	448099	506657	150736
615559	681902	674711	259753	996115	19576	578898	850954	79758	523738	836975	11922	849304	287559
637288	885172	861688	477751	176346	277673	119954	231736	963955	243454	598633	855150	867502	126971
288464	97530	187392	89035	108536	82911	509132	81139	273755	176438	167635	805971	345927	815277
866064	396647	376075	141263	33670	35371	621939	49008	968110	150598	711690	482585	931940	893833
430155	823133	39573	992869	367744	620522	537449	86969	779376	358842	491952	399808	702860	180941
35165	981948	672136	712990	308654	205688	416140	910630	622862	267689	235804	779896	437320	839819
664306	4492	688589	96998	677662	403269	965092	460645	774498	285017	447012	897079	104764	545153
236977	415794	914418	59913	475537	265900	21531	373679	408313	655938	842710	82068	456880	113646
479146	396831	646759	337889	858352	831563	259871	206132	514789	272193	486118	387782	896339	246052
838498	864247	523065	524032	97293	84386	867541	339334	733629	720318	440536	486621	236843	259475
386943	1466	397528	782932	81766	38014	148552	715232	102088	150124	918231	422978	168143	61174
542539	841232	591728	298599	484940	427284	237416	525234	863808	711675	458646	998793	745271	742786
871802	750432	715848	442627	493208	183153	963283	564380	251951	777727	381460	725946	364987	482033
98829	54686	509469	768759	550762	774882	123009	131385	686422	238802	218799	164221	234216	813543
370135	197320	749367	490870	460064	933223	41189	44576	237564	212314	459765	823687	859343	749543
90389	390787	877211	509066	299048	551376	613105	621472	116694	762339	914	900847	316105	520970
6032	820974	484874	223997	199687	798359	842943	77984	281619	778174	452567	235041	974213	898797
282994	138265	302547	958296	377681	848338	407462	930951	223883	864347	645317	791057	266836	24864
948336	280559	282155	214468	218885	862638	120185	473625	457603	935438	243946	333825	975454	415074
212826	613323	164550	324366	298627	134440	111315	870399	776839	749451	937321	844883	339802	925846
236951	185309	575564	996068	857013	819021	976625	526278	470914	170813	437242	308714	218124	722397
797339	255301	752102	630003	823159	823330	793959	955944	571568	68496	17018	83569	658212	829580
695587	247564	580031	47552	995880	913821	973651	606102	656244	184047	294360	81271	594766	696651
504679	997793	913273	489372	237298	996120	319934	992538	681965	960427	995819	80656	765564	793155
269752	627374	236500	343170	514780	473885	815949	756638	32529	526705	418479	492547	466006	37744
911837	138948	751253	13343	794268	261084	473849	578680	519985	519531	763857	79787	335056	827935
22488	958432	473817	812481	557224	145446	33280	674369	807736	978998	892397	75225	172419	812223
99261	397948	172247	205266	46764	796604	674636	19509	842365	472110	777162	384236	113065	813930
561573	617428	457211	429746	629526	322862	616425	509864	2083	502957	184276	400840	22796	961560
558462	530110	905922	826958	921452	210452	939496	200363	95459	609693	946437	494556	317926	36310
590069	348547	642037	226285	894597	277830	795909	131884	705770	952981	332959	604104	266463	183649
29424	744131	328347	585349	529270	421060	796516	204030	794838	506241	887957	479101	153341	6868
353264	433183	528964	712446	732607	256263	791413	445009	453580	532032	623044	331051	662486	186952
631750	323936	347169	805418	556630	457945	384084	230894	482188	817256	455701	428114	236896	945361
560030	606918	956472	957781	877687	825972	68251	306778	405146	263743	431794	243420	995855	295971
916696	649771	379402	220983	190261	501122	506246	766973	996954	162342	201724	752018	979266	366859
595062	259506	630372	619268	224320	478722	602347	36943	655387	231315	4058	570684	131611	321940
316763	58306	187716	586249	552110	705720	508952	932674	167224	354659	237471	975493	117802	933113
125691	355899	708556	764759	494344	718864	285267	690288	734914	103810	715206	322028	766378	680222
416425	287029	452443	293639	74514	209978	857311	492651	239505	331560	262011	566207	161459	18039
131759	154219	857164	767392	803748	231625	381438	558778	924501	828093	443208	369486	816616	914948
800799	822195	908043	473829	222145	444343	351682	292461	229924	698372	290787	440803	207155	307373
975292	24732	40134	418140	88302	498049	858480	976718	515838	241819	409238	932381	447763	735192
345448	752673	269009	143265	353143	292444	32471	365856	781831	998890	504727	856237	822533	846131
63644	398656	272975	627912	810055	572560	548105	658330	41034	838286	729998	643498	822005	500525
358988	659200	193132	308885	253465	57446	208853	277442	370009	154596	923256	500075	391441	989792
720895	127697	735843	179808	523986	335856	713089	413151	900315	81991	477910	507286	869189	129126
435427	234329	345234	821666	10841	875721	868756	784209	750708	192979	92179	850997	9032	679373
472392	241251	912341	901858	779329	939983	289485	595892	332466	669033	116300	508475	443339	977283
760090	477886	327550	296954	489266	98931	826167	671663	216978	897719	596522	679617	739019	53510
698512	670324	927369	792537	216125	86627	629859	595224	205539	849773	52359	157905	65100	955775
779055	185999	926041	796883	591113	39049	555005	165410	538180	103944	468505	950618	419983	597969
290182	458875	497257	910469	131326	379591	844616	136512	269290	618438	22221	551073	11019	584695
924680	764169	535843	162793	811633	483855	648969	712190	864945	827904	220771	579036	455375	655621
645773	393588	504162	384993	94816	83646	318861	210518	629182	265908	484682	587461	748220	653422
300014	468490	271822	319583	764716	987844	642605	609941	915832	547997	325586	878949	994467	770799
48413	806782	45085	291555	861714	716200	163449	57695	282863	141838	440435	964752	530763	402713
165296	12788	907912	214370	592159	435765	791952	749574	93791	313556	847507	88403	765206	851384
497431	134748	848530	858211	356463	513329	942671	978824	822050	332296	929748	269080	291988	713255
540911	296715	241045	260016	969486	308582	503800	371143	965653	833723	194751	410807	400304	164047
834868	438841	300955	24948	590314	89089	245693	373192	599278	801936	627924	195178	942660	761243
770330	712311	440261	126234	198889	419215	124411	575504	837361	89940	615481	590015	696693	961419
314458	443971	870599	634396	817025	314364	115608	331150	93524	199354	234775	176210	921700	186680
505900	682468	812387	717113	771478	541992	190789	762449	665752	761757	971282	414232	546078	792482
174701	769991	468768	110008	74532	315264	354932	962492	357027	128912	49613	676802	19546	748112
667005	544202	162678	431114	271315	173446	511418	232056	985683	53311	837919	389096	700760	704041
787176	416940	835748	793345	288866	326227	447620	523736	275184	388387	663354	981200	876849	618312
667021	961462	304134	622981	629682	986585	422953	882613	665687	350396	62550	582720	580782	835850
800227	884283	794415	211764	374598	637439	969029	360626	188711	492746	900086	499205	213841	848648
703633	317858	291019	898515	113565	86311	543757	831009	878944	820837	795813	144029	637385	283119
763502	997308	31792	30152	924076	510618	804821	302230	654104	458164	180454	472708	587329	58921
970511	521217	294164	238435	890993	877386	829335	689829	608437	326289	659607	109152	897571	10107
501259	563274	131557	133151	313174	466784	652358	865114	470580	88202	915009	832784	854039	298959
144635	198457	867329	850842	905166	964729	665929	38962	727566	963455	206323	433747	264397	439599
134924	79849	135391	420445	371306	183585	245130	58135	395083	709396	632528	155470	640107	280927
888886	322945	319347	878513	784641	899696	749780	169413	744720	999840	443029	131563	849755	168624
535687	77261	525236	209137	497171	158516	276010	110481	41935	600133	440001	463022	591102	896880
490306	327059	812847	479673	89980	853289	773912	947299	176985	456373	148830	276594	702207	224466
228754	25031	617347	135193	867358	329647	40225	934090	76400	905470	649264	713337	698922	696539
83264	926070	192614	901926	740619	960886	61799	50991	169907	96907	112607	211354	303960	459143
518299	828054	854805	712909	260999	754749	72305	752368	710402	91011	281020	511331	554617	183577
214185	115345	4328	39675	560206	828318	60174	208799	548013	717543	603025	862404	954474	501200
122796	116054	438435	790299	935404	790063	193478	61591	332898	462885	560820	505897	881673	804759
383627	419979	554773	232865	180968	208323	381898	409240	673280	558286	253485	340519	599466	701084
592176	629396	298062	200872	834715	727971	430607	876988	49396	292638	135150	47090	371706	234655
673062	791247	131604	557355	666478	463043	686765	574640	165314	374627	104081	72288	817411	536619
393704	425960	739036	583330	490765	951957	789271	628143	195185	240677	35252	48397	75039	734279
133159	848542	774638	337055	838795	930302	680602	490170	490893	491341	929714	349330	419070	443917
474772	82979	902812	551661	634704	997920	222784	34354	622177	428754	515909	187644	392133	325170
488133	721129	387205	526539	44507	806281	399123	777708	809088	507361	621321	444539	163258	372227
923164	452178	175588	358197	11131	875569	393933	671415	644660	261299	487166	904820	488985	129005
696874	777838	748320	208560	889193	224368	247725	653547	889268	484158	761407	720706	629831	719167
924651	371185	460018	247270	879272	18685	165889	297523	666519	614860	898830	639480	168981	307120
469974	674479	805080	280314	249195	204698	63250	726090	930855	866975	686461	497014	983674	835805
431039	939728	149305	517872	812312	591707	339958	841881	762232	407284	414936	507186	55368	371594
670799	458309	431066	438360	606242	866419	5427	271738	364279	769990	949428	128398	651580	572379
371769	172888	648006	85088	407	322724	169154	137263	51152	491353	360304	759608	331244	191971
344922	135733	339678	788865	874502	372825	498822	119614	92512	826701	285592	873701	878093	252774
72412	846442	478730	664682	697651	142503	642836	138283	228263	745764	452718	410699	983144	980946
239424	661012	110669	217738	699674	358732	14117	541305	503509	234430	107658	324051	48966	802912
422226	584829	459085	30452	789301	691035	749069	511107	976835	552798	353876	554552	809788	557050
990447	199782	404371	148799	972502	752130	704629	453538	513515	827657	535751	535349	428102	171079
70655	228321	897818	523724	27235	62092	501936	972287	12274	397798	78558	837509	680730	458689
967581	145340	812610	710354	276234	370039	725337	106068	196321	174023	599574	112956	493882	945500
942491	808389	741962	621739	268473	912077	953298	335426	337268	254114	38618	220619	433016	338691
818955	887093	73842	184400	82379	824719	635620	246945	26232	900018	426142	247917	607004	629372
303704	950071	353892	766382	72955	65316	929721	959745	792378	128181	458451	321126	557138	537074
605505	283276	371461	173155	332796	463622	764126	617376	924946	921336	121594	874174	684989	575292
40013	812394	678201	753988	805542	735564	50785	54764	108424	613814	220847	145590	547996	932480
479267	632652	383013	434007	973926	625826	694485	707687	407570	426996	220386	830047	703765	782043
798199	607969	688657	80709	44737	96107	234205	862279	421227	444793	882163	806599	763038	120008
59044	197483	975693	444654	949062	284294	60219	463040	382936	207123	433742	564793	252455	496193
665437	997430	575353	870335	46517	763187	952202	929674	525033	803271	152141	970983	367564	289686
754242	2829	113865	673618	415730	103416	180302	350181	916141	270632	247176	505983	652721	202244
303862	359215	420234	778218	458384	687819	111030	523368	714108	718993	917550	323161	514365	96886
190265	53859	269433	76540	101168	987673	495980	890690	975854	631448	347528	375730	116742	226970
586851	734790	760507	500510	957091	213076	407470	264118	787700	455819	49435	774207	51424	183286
385746	672250	9007	139375	770150	884659	57684	400201	274296	162745	460981	610637	365138	799871
197581	676601	878009	696794	688195	90154	319403	263698	461769	345661	562041	950477	670943	77852
709482	489588	693118	610807	399981	59051	953317	938906	208531	830388	350272	146671	660979	682351
979798	394706	746919	846999	639800	405384	997372	562805	272823	248274	771510	715631	519294	390526
611553	489468	981156	289463	839458	152320	327493	619744	515565	652323	556381	245314	830867	330119
810890	574990	940103	332854	8304	162428	987130	577702	477489	464465	807016	138326	539159	13684
893517	429317	487595	122784	747115	725233	218812	548151	642799	25759	20964	615362	950516	782994
959974	408852	652216	754206	416531	835084	588195	382196	215802	105338	872880	206113	749133	296060
625820	58541	693783	625306	421971	875981	853047	397169	305766	431381	187175	667948	297768	578176
247583	517631	331551	78708	93655	69182	537994	920812	186632	21042	906030	200131	394923	18494
878617	553966	442737	645597	598466	184329	71237	297801	911666	939105	119224	470904	394024	742378
73486	824326	941907	471884	856349	752510	335900	961975	549809	570486	8054	323792	149107	289588
455142	671995	88204	605035	537649	861138	805487	841194	572992	244237	817508	77328	60293	134011
120929	601039	26930	342580	974723	626278	982853	755716	87284	160915	118030	452809	155626	506894
967315	897897	255387	40529	157752	3177	177169	446644	946770	122964	603165	633691	587409	500368
406607	829481	763303	501090	366043	371081	693570	324629	546994	714892	216163	256552	68149	599268
271447	668886	367265	422569	294620	612154	91310	762522	188522	166711	717844	234320	232224	507752
148324	863606	965788	447751	591038	563891	311496	321787	351229	307335	807957	332294	323151	846868
717359	258791	545029	516262	221294	91826	62837	405499	938914	127530	27543	569341	740467	934141
933076	2298	504431	71488	438802	819680	494394	693876	166009	953928	249851	358151	883745	202231
426072	533862	72907	800227	572726	821035	287658	17754	992025	280457	865202	693033	806	396570
228449	188487	478111	833029	77085	967980	174622	816799	8257	130724	758418	147173	478515	104171
394718	429765	704189	942733	225006	348233	699726	57163	966943	117179	917032	990655	673009	989140
28680	607002	823336	203498	51853	882985	508555	828124	235497	632895	551095	345181	113163	960399
797059	303497	869510	819847	723817	362068	968667	681582	214552	208298	598985	570400	330821	222567
678159	132880	867166	894713	891239	764583	517482	399588	989872	396593	867474	955869	433480	433611
914458	643426	180604	200199	437594	804730	483128	133201	783462	719503	402915	233166	556460	671206
44165	448127	727136	384204	876730	595976	915943	857024	695991	509164	316694	31008	892925	148170
731883	499420	635064	900599	914791	92201	536403	487152	710682	202731	61325	25285	383375	556823
359838	952695	573321	894494	558784	926785	515163	767109	631775	94080	862943	19829	102649	539141
676379	172124	685923	53354	684492	791100	610151	204615	311551	577487	523757	739952	430834	8809
549145	349302	317622	538759	308301	540236	677289	793657	105040	363476	963367	612329	158366	788012
228761	404313	111604	975192	801646	565097	395543	397452	915181	575074	165283	119660	491528	694051
930233	873245	515040	519041	575249	918459	210617	84403	876460	374294	900189	894514	181181	611362
953846	694217	869031	623810	556580	363218	609951	565358	663697	206432	724362	721737	415824	937478
972666	482234	249332	602389	561113	633482	191499	424987	914297	452654	494691	275538	455978	830111
707229	415462	681104	426439	112670	459385	968064	148233	256700	621916	648829	303112	207583	999007
547128	41805	210619	931418	177936	326979	84459	871802	203474	996536	869550	986041	538893	780779
768137	235219	642871	245767	907120	629697	901927	317547	179224	703266	142748	640605	7349	353950
744145	312552	12255	486415	960286	987730	856392	231593	805224	435353	438936	262531	966847	543659
502966	468912	679926	443758	371628	472009	957229	57330	545289	952691	950928	355492	507361	450971
274558	771461	821575	430141	459045	768345	573783	78680	668599	560196	818885	41435	613066	132550
755723	663685	235162	51803	71061	430503	549317	678153	483239	786631	780169	148091	138164	38987
146646	817950	615661	709097	448355	175565	930409	616857	987902	878193	778266	801569	296647	953193
366010	166174	143229	936936	305291	755006	947737	470077	421797	671039	458735	709527	67412	721534
994026	338676	470189	596014	575954	139924	292660	613596	800500	748819	486900	123513	92084	87962
678039	29975	732584	50325	356218	84341	540955	261519	317942	249275	171911	573743	453823	429720
710499	857648	622729	494148	972020	935598	845953	18037	202683	386478	822635	980383	922351	953028
28150	25762	214335	220821	834104	12000	758606	84388	825508	754021	288344	796682	58591	544994
235482	791199	968301	189830	512853	922033	505799	19570	673061	813782	504702	969313	3163	200624
715290	932816	611282	710317	833571	476910	231419	830172	918587	507489	638837	903921	28138	867860
987715	414848	510611	992945	831128	556791	616638	844418	719058	835459	608352	950932	984856	904672
9609	531515	5247	280084	226273	15404	575244	140015	90369	874992	486655	472997	541451	715756
608202	501732	254433	131419	155156	674024	872859	735820	920323	564912	988	257332	979042	339705
963058	806001	17310	537266	814782	74065	666698	728410	465256	737891	485031	558582	925912	37248
325211	653962	983312	466361	597644	737165	801504	45823	216114	392612	616174	481244	24244	190191
206441	169229	703358	188711	700380	496917	437258	19421	382068	258598	508721	941582	131615	190771
63360	160269	922565	738961	156524	947385	94525	492684	259796	777642	330703	859682	549191	402739
697658	56766	480595	859652	523401	147482	609597	719221	946554	757868	28273	537683	711454	421549
734623	564794	632478	454964	420975	319742	590995	776428	635645	433559	541647	225704	147479	63049
113458	222752	689719	368408	313773	502835	76325	119669	911337	713294	647556	781496	32699	813546
151806	566456	779221	31104	863359	894362	257704	235646	42499	324396	331567	809118	305183	301775
84640	118196	696617	314445	307452	661943	105668	100542	495171	268389	104715	47202	130392	130765
762515	3780	911830	514160	167957	573600	791584	934807	793277	542579	341928	890091	218750	667795
250997	206879	739699	3729	546376	167040	397374	868751	764614	375576	15526	368935	643876	454956
39132	703982	867099	371063	587840	964137	170440	759092	649419	916588	603456	703758	385848	401281
542386	428750	307185	845094	718622	993533	314553	162679	288667	936683	512737	208277	183788	582530
520949	254031	952176	599388	758447	100842	968968	612895	216364	182332	42857	175491	545569	121309
753335	13914	979819	516564	29525	832367	341579	584129	439304	103282	280132	997924	633842	220991
961813	217081	337996	679226	456240	704130	522278	929817	314806	151031	633412	8934	640559	927827
675139	762485	13629	204745	687167	811643	944316	839411	766878	247963	179239	758642	207484	853620
115507	317642	557402	973774	368580	845202	830820	932112	417455	512763	203469	890719	990733	658395
272127	789073	537213	953169	438332	137785	620174	168730	795519	334738	282510	178180	756818	203750
77016	755507	199697	782278	859340	250518	295128	699375	133796	471755	37841	785275	262291	393404
911450	882590	681788	243650	563237	927685	200729	180083	657551	886035	945279	966482	614366	376868
296117	455541	133919	455339	631139	803334	402514	642366	619603	836447	428584	631755	458730	999872
918738	65305	890102	674267	932427	379385	672199	909982	960914	152432	859440	270010	243302	898495
892811	796367	553832	218060	488269	806817	316799	998856	26206	52613	918835	672369	993482	48804
17058	753723	825706	887703	772926	929795	938018	440284	151451	597371	235421	290815	152386	444663
91626	3102	50496	43096	929169	223992	559587	704193	766292	773782	696064	914045	673232	756784
921927	680954	318514	957411	588456	127187	975341	802998	742340	659378	479505	628386	759187	290045
761896	37400	338618	902814	629148	387308	457653	69215	749810	850098	989311	126276	984751	6815
701249	885459	644604	759194	276332	163780	51195	536406	386025	618568	477694	155010	65930	307031
52222	935086	145517	38796	737528	364552	915621	147637	955971	594860	893636	615067	276195	149981
736432	542248	646063	668334	186024	54868	504741	60144	957704	792879	558508	538048	175772	37809
839692	902755	393730	980329	568567	290975	454895	716766	605896	624993	957934	350073	939129	624279
394290	646712	682231	676874	752971	781341	482334	833837	389682	879931	324876	21316	102860	891101
881695	964727	655386	597228	768844	662872	888854	327557	63616	877008	522504	979260	4011	858793
25650	537452	691741	53071	889095	314198	914197	917491	209955	688523	258039	396969	981658	270372
360126	319488	150583	165063	372576	436761	409668	375941	734562	483429	941304	359832	219089	853512
198336	165384	463279	513141	956210	714934	185925	533504	693857	923107	180157	141165	757324	223502
358931	355661	5694	100748	362170	528779	216034	860635	162053	931747	163723	862474	900439	230509
324414	719530	999160	603724	492054	321754	938852	664248	261141	745100	652148	233593	373985	194029
645323	521214	722249	998848	256634	546243	586460	8148	998139	730283	524137	46979	996443	469262
100733	449100	535763	559215	175531	508622	610691	957351	241258	912799	125026	17568	828006	303217
996271	652098	809507	935710	683037	345362	450419	432701	765572	878016	196865	785148	485499	254816
771057	952257	13184	628751	354786	523210	496144	775683	876305	712005	575874	935397	707364	123760
304968	160239	967778	322154	62655	285310	477633	793199	137203	713062	138762	705784	590717	645782
798377	787440	323559	284597	642489	470374	323200	526020	829561	981350	365570	841349	780210	415249
445934	422852	989251	83480	128796	524698	164632	774741	488292	935115	972932	247332	947272	766366
432422	86716	595377	193427	993076	68260	870424	545778	802624	178472	869790	786451	664821	69176
702262	127454	991465	416441	3210	347825	45293	627405	723487	13803	925062	443075	907371	612168
786600	259137	613141	203467	229213	922458	632117	881845	937617	424188	639262	460901	496501	883469
903026	479955	733326	962389	521634	6961	221893	448488	375809	532969	812800	44194	837621	15874
503370	535276	558695	175223	741549	897063	242803	834571	151971	701773	580608	924875	434044	578802
553038	435749	79931	742888	681523	71280	636059	260820	128750	35971	130700	238617	226794	328974
220214	826699	557108	490314	718443	92186	91717	327070	116015	288768	108090	127687	834133	219296
607466	587870	900326	982923	920352	722423	860714	699090	930458	95720	56628	881121	510037	700245
31338	786163	746135	583135	540126	622553	238423	275785	589038	16156	80887	517709	142717	522879
801230	699960	415676	139623	920027	719948	392454	790063	553845	383692	314992	133620	902160	680271
225667	991387	383433	66974	212135	674081	136440	276133	553990	588248	707396	129496	737213	704597
633407	345523	505454	95656	546717	921607	696560	213172	748662	105457	724487	988808	551731	687869
5089	264599	130528	354376	773910	811544	859318	122098	178251	506933	309154	783693	34357	345628
649915	136702	288636	927627	180314	4451	666602	327439	64113	760751	462209	901980	409339	985132
386391	618888	39518	806897	325571	270230	104706	308368	526089	95632	731473	559945	187788	465238
600717	855570	971047	627296	916064	190403	895175	162420	974514	745660	862987	833569	622988	46299
730731	864465	943256	607995	991012	804134	462353	831496	1289	50268	249432	775595	723972	728488
939455	54652	526467	85233	588707	390553	908565	659672	480373	691902	419888	422418	413888	812173
662997	175909	888284	99961	262125	431180	767793	992800	464207	377103	14816	120602	687291	548076
746966	623678	632532	401233	642592	269581	290277	26117	248227	21309	575461	519576	907850	738756
173026	583029	54121	269579	974439	226609	97689	367652	203306	462256	289386	834613	617053	645712
58617	811495	652232	666670	355303	758452	62118	495177	789915	509611	517744	738494	882940	606638
500818	866108	131912	215054	747361	802841	271835	3401	496729	853491	842278	286646	144884	483005
965599	154576	33768	212138	869080	137672	70200	194287	177448	164956	1713	272625	996278	223994
178992	104015	564737	584642	701275	270828	953802	309946	970133	71697	630407	443607	470253	1733
759318	612262	626324	739181	120777	82104	519826	255986	572620	20605	338397	705464	887163	959190
296889	574432	233213	411734	749797	70423	664906	956358	301044	901031	42581	624644	110988	3737
330577	789976	749957	652863	342912	335502	380619	904327	981187	325750	527964	776833	224837	457559
505954	95915	209505	433372	77419	104741	494023	35602	709070	731009	840995	607789	757667	224034
226408	856638	354729	748752	199148	328580	883944	414845	63691	512315	174209	237376	630628	244696
180212	952298	266	409057	334738	234429	915353	382278	726581	168171	968620	397850	324172	245324
863389	954621	22510	933789	752727	285651	285015	444432	537877	492576	793372	166707	988106	24798
613577	750515	267177	938507	861362	415243	223368	320367	675216	900040	65523	544750	410144	346695
630694	888177	707768	496762	738378	194224	89953	466321	230004	959925	156866	662748	738076	508977
968279	605392	463063	135044	719057	197187	428992	932746	291607	294316	985068	975917	522809	71478
76772	44324	936280	356781	791790	963436	709080	322333	219121	565962	732001	822189	443980	657265
774428	567924	480549	719897	488991	137156	192342	918968	512098	780583	558884	682654	583594	529729
138597	289583	606386	202719	819440	275928	840408	383330	345194	297607	416611	773140	564379	777858
286009	899794	798622	295464	183612	654327	835778	208276	644455	645965	106050	69789	658323	872490
848961	825467	103076	47131	200753	105082	336857	540455	511817	212836	446520	741440	945015	855704
889393	70452	238564	478535	244767	127823	429739	800568	936828	471070	880885	779475	356432	651919
416860	28414	238925	734606	88298	485826	540067	768261	72663	792143	558958	356919	764490	259533
417758	670881	84891	189259	355881	663630	684763	687501	154242	199352	457793	106784	758803	765749
726671	586012	478943	506860	713190	735020	797141	190546	996768	664511	155634	309469	701515	521135
553355	316358	974698	75189	89465	811881	179910	71098	801488	242154	768831	353021	230679	843497
31365	78625	143983	100269	517725	78704	894618	682040	756457	873227	903932	808056	189397	860938
818413	913101	534392	155115	350113	983876	132786	38886	115658	999246	921189	243298	590278	762483
120421	267494	925103	416072	605776	662845	471234	254097	920235	379308	481411	583877	163167	419731
671656	597345	885712	7683	959505	222678	686664	732511	157864	921123	386367	856016	312928	400431
496338	570383	149021	8685	865147	409554	633794	622731	817362	580471	941077	518030	20106	263165
980823	780649	456217	666935	556393	399893	518248	330864	977695	668916	983786	625357	541724	960078
929628	916052	560019	807758	614040	213516	646606	234315	417108	123701	795187	914804	804354	957994
965317	95156	244968	17796	541866	307884	629276	699657	396773	686069	504193	616001	663056	452405
59047	17264	934096	627483	238271	292790	978276	220247	605192	765541	611108	286396	965603	702716
582354	929861	608880	741006	984967	900604	516257	550575	735950	621335	649008	521491	417327	757252
382801	679290	318923	322473	517870	689061	967564	754653	836011	89788	454032	92945	940903	563552
301790	990774	703822	116667	897797	39212	63218	420141	202056	999475	532217	181101	989431	971229
211820	512850	523486	362018	859521	867511	497338	499575	347882	940360	795508	459546	605565	410029
625497	561945	236076	581464	638084	125443	412592	428872	156216	471664	723716	321674	856371	492404
474282	591310	122843	137439	272759	550476	989329	720402	647725	294715	776151	669555	360799	10635
257782	913929	485461	126435	514870	263330	623681	27437	519120	618315	959256	515701	893497	776280
950622	353436	362334	120025	870667	754175	266117	165357	494742	684133	665709	265134	446629	567505
731355	763025	195943	976556	676814	365602	742020	292512	995441	362589	396731	663787	232096	645938
137065	176506	476671	501322	931274	877866	253370	831442	737541	758387	147420	270263	237202	779133
315547	85004	587615	252910	517451	503566	613268	485465	277810	977977	418942	928161	929995	842267
79373	904114	332930	245016	934603	16426	872462	942032	433337	730323	508372	2465	829767	92170
17817	11322	431668	25625	106922	686299	718099	254339	728535	817386	268691	580908	894736	585327
497151	998640	100406	787189	3357	855178	683670	285470	948318	981075	698141	648662	416307	290864
627982	478826	800274	78237	419953	496305	881443	78523	915403	227441	732397	579251	739758	749952
519695	718007	887395	347505	961496	458418	330896	75569	64069	786278	843847	499956	467734	163071
268228	338002	585229	891539	231731	810724	263366	457429	157700	16808	726312	466253	770994	134261
161522	868138	652985	431386	630136	532598	606173	590845	468636	93107	133640	694540	591057	937383
960141	60141	951346	300866	85450	314565	544760	998154	517898	715615	852044	616372	405307	622878
816622	812471	439488	537178	373020	269427	974144	730253	145360	440552	38145	615333	646231	404457
610830	624190	288803	647134	641784	288056	836091	424036	982869	971346	940426	370068	336467	658699
826885	812926	849414	333675	480177	751276	776025	217754	653550	289251	38545	582422	619253	153443
573186	80193	734776	785599	595583	368789	750075	171813	511126	112309	423957	145608	14485	766519
779373	858626	172615	772062	42006	890820	310097	447006	890931	632623	11322	491701	674937	139859
44266	947860	482900	130669	265801	944344	953982	376138	562366	68171	91411	587970	902600	349757
41431	558485	858182	239955	646618	933437	833813	884544	741750	671658	825739	515983	640905	466677
912442	959283	493805	407710	793131	31327	794153	644535	787059	61827	996548	886354	37247	255525
930857	256862	506405	447831	851127	668913	145249	909331	919958	96065	283916	290719	624332	244805
416441	101716	357749	514326	75863	135868	197878	928113	658249	961512	675944	433688	645602	664287
626702	953953	586200	672980	640485	181339	492241	663737	353589	810036	438499	649227	723043	211761
567410	475321	414920	278277	763461	839424	714808	520234	484403	854694	845493	310437	21932	63035
614781	725481	311244	625996	537000	422399	299400	249816	663825	579184	9851	889363	761750	587523
234575	664847	523062	999887	846752	207271	521047	438338	359857	361964	104968	391634	193585	928397
349080	726566	519245	848238	490946	589703	688799	903253	402383	698766	250623	221017	138731	634784
875879	766212	319028	691361	382876	9590	284677	906944	346292	999167	655396	416000	748943	818499
985125	366535	203054	947154	161090	929479	454483	960962	169529	681562	541324	59017	397148	101196
966835	322050	484877	137712	923398	509683	312202	231773	27044	172160	692489	744486	724285	606372
314673	753717	446521	164121	422114	282336	702304	705492	275777	269237	169876	162728	519582	850393
253785	169444	663996	458359	681427	196941	58726	512389	315714	335288	143237	615900	854487	434798
934680	670952	359599	908466	696725	232459	710917	936316	356220	808425	539591	760429	273843	720148
605642	795881	438519	144840	628349	394217	596760	50550	400514	353714	964512	104916	237093	971057
748732	444105	718991	737894	381882	479398	235763	720940	677688	74185	515789	847720	8551	239528
887720	840540	590660	754327	724259	612039	923883	818152	854962	418189	558930	912449	420933	177054
759035	587427	155018	455054	848694	246437	957954	187783	315902	104093	54576	972447	666820	608400
689125	753717	901483	431537	540832	659676	284974	525376	996943	783850	988392	89791	800100	695245
367493	234866	463445	836221	131030	538345	888551	87861	155059	315084	534988	580902	681722	804670
24516	23552	118572	642643	410767	210405	391336	548537	351918	232675	661946	178588	140863	4955
490820	417216	794453	431660	395325	950174	335005	405921	589450	946065	11602	900742	822566	503029
97707	94812	70735	761858	564401	305518	466003	474799	471371	83077	890559	570518	431985	290201
981809	115338	755128	902669	439646	109611	315433	76206	586906	569955	76183	282587	24303	95959
266756	732144	969498	66375	748191	730400	868478	852323	117719	927553	637698	168670	795403	22225
140472	92006	55524	523455	28608	833558	880318	685572	388152	31041	341501	790654	412961	180800
683351	921055	34421	589461	384925	630762	523893	423968	287230	494352	145844	581011	875918	731749
790980	13960	477472	997568	89802	979032	22519	98997	558309	403080	260191	375326	850989	467923
60728	703439	562143	243530	464106	286791	923873	98996	762452	272689	362552	220833	898627	886560
641986	896390	70245	897965	660588	25499	467598	438145	903557	983815	678906	909378	539593	287555
460068	599928	137171	972216	224922	411948	189977	822168	118107	88643	3650	940222	97064	385544
173031	777661	345164	857530	98853	176353	835633	416443	252304	249794	725800	207360	63882	139078
43250	696966	270826	744654	262013	630349	34033	455944	328330	313130	182037	754650	716573	603932
712808	736290	107521	688122	79234	741928	500032	38025	232872	917378	431479	982724	994856	212346
559073	440514	826430	968602	787340	355196	466857	924462	864571	999124	558319	755084	49144	280654
717243	751940	516401	765786	948538	967926	124400	909580	926538	189555	414571	816789	161269	852509
3548	991044	434168	23615	746577	723337	179600	211965	410014	255485	575133	396234	20797	610285
586062	372768	873469	35051	785798	318800	149142	30052	634839	27345	196013	217492	430763	198919
161792	43933	478580	36038	575040	782718	938752	236212	537950	836197	165865	162402	382619	809537
855491	312223	306339	566140	418431	220393	532294	747830	228830	968477	175552	495214	302643	992464
737413	653414	888483	92483	166867	967203	677355	450750	715024	306425	142484	402224	988917	207053
796585	870787	655352	340349	392954	802902	416334	44055	469903	292226	374296	963481	258238	111608
895614	629997	939364	239582	1211	837877	70071	682675	190570	14582	862540	464426	70409	85836
102002	434618	659989	80446	301513	972119	103668	513563	703722	875054	593784	672902	740314	91113
345971	68955	445978	343881	556794	483088	828966	681012	522457	156263	271075	214044	135307	275378
815432	117133	601245	830690	627394	740623	554795	792502	585732	840006	910399	746837	410269	407234
343735	668516	924406	131370	789827	254999	706509	665281	454858	940124	988531	220507	357639	609879
558217	62507	594386	506177	344677	959768	288360	753790	792320	29333	955013	696219	70483	324125
600520	997768	900379	235190	54206	465871	508562	10408	366260	733512	741916	155003	16750	92478
614838	64600	411788	758362	595230	318123	988373	152707	983848	782085	812890	541195	135821	73681
127744	916215	912218	482775	693028	461168	165231	545913	16031	686799	962089	562929	161501	442211
773624	571406	432742	421937	187389	604771	948810	506172	556944	35624	440987	381917	252485	798847
397519	641366	749120	32954	256307	95836	899861	62870	778868	718681	595703	697173	772359	165097
274303	686603	745823	285018	940654	254812	8645	354632	771478	668992	357626	754582	333971	203847
927646	249604	290399	167224	773362	505316	405011	659043	217464	709700	854421	803355	100327	57421
380675	128108	826619	862099	251324	112928	227853	217165	919258	484304	666228	329738	605674	577083
871905	235621	163262	931475	528108	813662	658311	922498	85588	528961	487708	214561	656500	757529
468005	474911	447184	854345	933873	728180	892951	231542	304628	672325	773537	665951	28067	851472
853734	589032	884415	20851	671864	670955	239524	854771	473858	642225	187488	474205	64213	446098
114387	255197	453514	168654	124522	401780	830220	513846	105494	990741	323760	649547	563893	102633
122179	975550	442511	234213	20549	729992	392975	688263	116277	861559	358820	17102	731461	176614
579800	767227	894510	607700	903048	805484	283560	843819	173463	954569	972846	72831	497446	292780
124781	220502	149976	676903	574796	711644	544198	461938	696207	770420	694909	560008	631868	241219
671137	435734	95710	129518	48254	296734	777977	369414	504558	135968	977657	847448	167702	435801
564246	462822	634424	563025	824597	39031	874835	522015	899655	643353	453789	596903	204919	295993
577543	856121	471574	103152	51223	492580	92001	308490	414357	847800	878805	417263	463974	97842
796710	925265	621049	590610	297945	525503	384976	917611	980434	856466	721882	844865	654547	53178
527493	779751	456389	865645	315759	33028	222522	605130	160322	468879	369672	138894	694541	123134
478475	495039	962174	292753	101507	588776	195668	637634	421678	699237	25081	716150	656244	867587
12079	88760	814470	169084	540401	803280	863889	407462	532695	926978	319728	458939	53979	649808
756610	942482	186969	87634	498987	970442	738104	312298	503751	497982	656938	940416	763206	638426
720168	304735	537469	687280	55900	483082	3292	145723	578396	152710	81391	223670	477374	507753
727057	814149	631156	517322	782868	164175	345919	297392	956726	343189	408639	803759	384466	783619
267424	32239	918989	870560	741286	809937	174268	265134	240906	106468	485140	536669	610720	878615
353547	311929	408363	640901	253511	744528	318904	354038	136926	430864	971327	104688	233796	660416
130990	319635	426330	392300	867736	19533	798530	395770	690680	178576	533241	789893	638859	579619
862368	401410	849787	376770	715665	611456	437953	358989	534515	677273	491821	682821	697282	428797
417950	925583	28532	757342	672691	586038	170443	957535	881760	71450	823220	365708	544901	684852
533332	154312	148940	472255	559365	191145	384880	457756	775725	50874	210030	257824	612871	971264
764353	179956	902432	746824	973026	612518	530170	201393	414227	740189	860859	899878	541075	793621
180186	129332	99130	259904	485864	381015	299332	147974	352364	461733	22090	378675	291378	40977
726697	142880	179821	412130	642668	258990	833473	817187	434489	117567	439663	84352	401836	86511
715644	960989	288060	675303	18144	244674	142766	872760	169129	711972	962734	137332	296108	523042
148760	308835	589099	444287	310578	406124	300126	578667	372878	273675	114035	307566	759633	640176
163636	832324	990404	509311	349660	587817	926444	679308	217736	898509	883064	3070	127279	237214
87637	433874	562546	451518	29460	533187	585029	776290	352264	133912	364761	488163	536843	347455
568895	632718	1658	701760	9542	25116	17181	262884	520089	427820	678977	139247	596033	291491
889131	994181	869671	683030	692198	737479	266816	148396	810802	484614	785023	247009	238065	193481
410893	379048	626375	487636	479751	444400	850909	480095	165386	405564	639488	597741	15180	326510
830484	60619	609564	670441	405079	33840	454006	530360	956483	253483	841668	205676	606677	148244
883307	979330	968212	910977	604380	151749	859063	436702	348715	485014	384003	983481	259574	524667
528833	636331	152822	924405	224031	601173	499216	105547	565899	566872	864939	317038	187333	590443
28797	129228	663490	833615	30674	505574	828520	573020	304715	629648	547190	534490	456682	107440
194305	468145	823487	572808	996748	639806	68442	335594	926016	790811	910341	463247	343642	649806
298280	354829	137472	307619	765616	450502	259516	260874	569148	831271	825815	629679	188888	789605
287803	941005	50137	585141	245689	44231	610103	572229	209570	554418	707887	236011	408272	225777
885811	318563	294541	293618	364474	68493	459193	101376	590935	653067	255429	990726	648814	912329
275876	569251	614898	842445	745597	811516	882301	659698	854994	395314	20266	457372	12702	893413
629495	116627	537412	314496	839701	542778	502737	313931	971901	530144	725862	63481	857167	91227
49601	824733	804324	597559	513409	133988	626610	636776	987398	940390	223700	189896	889356	694438
760170	167686	958056	542180	975766	349495	886412	146456	425212	957277	925725	177039	554364	882450
143597	374118	86173	454509	457498	190721	994335	142695	332818	385563	596302	723790	793780	616197
200811	312510	633983	20647	401341	541636	560019	772214	372201	543396	36501	745815	968369	277189
996498	357690	342105	738807	21065	585695	802093	478067	119588	684599	264184	898389	455963	145344
481175	657850	331841	971524	353219	568390	40667	241175	597874	412524	722486	31455	523742	219284
226438	928908	715538	745558	922658	23718	867289	657828	807299	203294	124889	147180	82249	535247
732228	77352	415548	413293	616274	501803	847800	908714	752927	50202	262905	105205	286070	598814
650555	841778	925495	439971	51022	511453	560454	207382	713558	414828	841123	987498	451234	573328
836429	172648	36991	431798	685414	543094	304867	399551	60321	919357	961614	180915	249979	372993
114843	232687	264140	132364	121637	895718	719660	800118	764289	356233	686068	414951	607187	117861
810597	269523	535139	60190	237866	593907	9843	280321	544305	725009	113127	545177	626164	10656
765926	348290	643830	174731	77169	700523	781391	621825	778014	801525	103783	841541	287310	659294
63183	891164	398551	562605	300988	231189	228023	554324	700253	233987	101717	239675	515273	869325
951952	809813	310118	978005	996457	464446	567702	378266	443266	407608	961442	451131	831632	665335
935453	324095	593215	118993	145597	467869	733976	773128	631911	86488	52859	837365	775710	818234
576129	978299	238146	461709	381997	649487	571196	152476	520892	822065	949525	214605	807423	444308
369723	268393	307748	260346	249311	688839	416831	149188	600843	900170	608911	191170	760551	289345
474126	867284	450141	666756	376684	617604	864943	914686	363106	4534	632721	391389	64580	134674
347737	931210	788025	609379	362484	18290	372204	169029	457451	878144	263767	157278	116228	407049
26483	144213	924040	319482	834972	721899	260054	390759	246958	753642	79256	616134	177308	823162
490139	299026	465163	731281	65008	608999	887158	962576	735056	653369	345799	851808	451225	369868
257420	817747	580488	942435	826001	978575	859425	600261	789813	732682	768388	857015	385042	407642
772798	441033	71207	554759	144879	331147	536035	3098	357528	796308	388038	454397	259973	949328
953225	375762	99994	626952	144613	642399	230366	236783	745997	348030	392377	567795	9884	12842
833507	233491	971305	28110	397071	623370	880987	71257	274462	145384	597402	751506	532510	987874
318085	669338	425634	914650	769293	887478	709542	714128	670526	162718	986916	581565	915700	270092
80177	40728	341423	15277	717917	441034	72400	143534	250935	648788	506265	701790	137793	677818
675015	874069	839626	605872	287685	377941	905414	860434	773278	22377	797009	576586	306469	787794
779273	194982	407982	668749	264108	857376	254167	888568	288358	646007	5072	3140	92749	106010
172661	177198	742590	686175	363154	429672	421591	248349	356598	794766	653803	442302	991101	375797
27606	500072	513110	1295	254909	331403	708515	652227	40973	87534	513216	877938	441637	169260
976899	736151	260497	709419	101540	450253	158590	716550	964941	277580	347820	316695	828116	525912
686820	300167	570421	653960	51012	613799	358813	163479	961816	446687	289586	435712	166098	421464
149003	115158	828986	403601	258129	632633	106384	240745	890251	662284	832142	726160	212160	632576
624419	785416	591507	805477	657061	157050	296053	90419	442362	190458	182615	525197	488165	216201
81941	115539	365184	786095	524938	736131	438360	989953	30506	327293	979816	188917	631192	143060
194680	299307	82888	928027	926034	193440	740607	974105	141717	740596	893598	327139	861231	51791
389092	928250	407408	113741	758701	522634	347042	153041	983159	455255	214301	555712	776109	85450
937611	712653	202568	6510	793101	790350	582376	577705	802268	378141	653747	607818	552219	683115
960581	151669	969524	818597	839706	623402	157236	352376	172726	692518	189704	596004	618740	109685
712634	138383	837442	836394	204286	797940	934919	445513	18031	904424	971687	634136	187084	340591
131397	491098	627066	48410	210621	585379	190354	723443	418264	359694	939773	820419	951467	781382
750706	369654	62743	726628	768864	478365	534194	27015	553224	818206	285423	915028	838824	315803
283095	695535	686810	910771	852781	37106	713487	444207	863084	353802	128545	820106	935003	598071
175950	326863	835382	520473	315215	570747	159939	54428	613185	991010	96150	708976	960653	944001
656299	543495	723334	98473	14572	421246	716903	373282	243664	989481	433059	767745	503593	229098
494156	92924	447219	243277	66504	182666	911100	941593	236366	401954	374709	519091	18859	555888
550969	680236	589944	274628	505677	66899	158722	695789	106759	949217	265971	627793	636743	551608
924228	1690	288871	278783	124625	681765	807227	796628	341963	251807	850741	976764	819245	26536
904964	497730	548364	818698	206260	892715	128838	900247	459989	751279	894503	132986	12523	194227
439803	578423	312865	82630	640663	205909	730374	204429	11275	928959	227851	180376	514234	899373
391633	187195	202776	635915	819544	585689	328312	944713	250220	483976	395249	246838	693807	702993
954911	793109	255214	2099	179579	967793	650691	542275	452356	947209	638019	486182	23404	578372
39739	55794	744562	22133	192312	392985	466100	742302	235648	42775	824738	961818	673448	369860
461292	465246	214284	525390	198388	44140	177812	777955	699068	450423	676796	183091	913370	415639
996137	875426	784733	911605	736789	283876	959826	640063	285143	60595	991359	584341	841301	538381
150592	225410	314746	527964	897322	448543	503673	481523	678844	712621	853048	956174	29446	128551
118174	203342	77901	364780	156904	708714	343204	564503	727130	815176	597151	935822	378747	425588
649558	153861	274897	250322	149504	841401	536713	901675	100397	413622	711301	857255	399760	525623
650321	493416	845546	777732	958327	376896	293359	63604	785	843823	946051	241542	213733	129678
451005	476652	339642	852254	630183	163926	529154	825686	616480	177941	335334	143828	612603	867112
62241	508701	389592	269211	492539	398480	28088	571848	243515	3029	943116	532534	635033	693616
762260	831107	97269	391314	746969	277782	617876	45752	86215	669188	724161	763551	851002	995981
192328	312651	391763	32038	192186	507899	372941	103674	623612	580157	700964	792553	976952	839374
242004	911075	959594	885248	346017	186507	628400	777911	100226	388476	214077	694072	303666	315025
904196	620732	311992	771359	951960	829327	320620	560931	740751	439598	764540	803395	591751	989219
632089	970282	289038	67180	795725	366479	736716	743284	92224	709818	864751	872184	843062	996021
718361	677531	984927	758741	857859	799850	953329	103313	128039	413175	382238	808140	181134	350990
944304	185780	720261	125611	965783	514949	692317	679354	418277	578869	463579	437326	93892	828304
281120	577301	549031	192041	236711	103914	372899	808676	453180	258937	210170	886000	389412	137101
124729	489857	183458	342496	426778	571151	850175	242664	169082	99037	401439	444379	955247	750500
421706	791975	293734	392155	75759	969021	603373	316400	676692	564603	97101	350502	81558	981820
760400	341700	575737	204916	964936	80418	945614	502481	164898	579977	573652	422408	999765	539877
836718	561181	99266	875661	953108	399702	52616	563521	692029	223182	967617	825662	58623	179370
34463	749259	404933	384691	213424	781388	780138	469480	249839	458800	539408	830532	513046	597202
660070	795652	496775	670947	213533	82064	569342	425156	165753	610050	499956	896573	891378	25917
903557	677905	619683	387667	499720	717	193807	24182	472914	992247	466398	319983	92625	256118
963505	656577	810325	937390	503843	967058	320127	960461	817214	160438	882392	985350	751828	789008
214867	616756	525063	429393	773908	628929	768292	769956	819949	110126	52333	820473	366378	514788
768549	494402	202732	968038	81294	125626	98118	175728	492443	512272	23587	974341	143599	427945
590152	884044	912932	552608	600622	589297	351242	416865	157531	569931	746904	532115	669673	821757
752332	981334	212567	548109	241403	262351	608288	626869	135429	300761	301663	409937	911814	943267
871469	489045	877602	62931	310676	982252	335916	474427	520503	88902	843160	935901	512509	857427
503383	328061	482238	798712	484469	491703	902027	868371	260436	540896	354074	879394	809922	788372
96718	828057	983402	232724	520923	940282	640856	234870	1686	747471	183221	141481	762437	761280
807833	990970	889939	796003	907247	370593	263523	338158	821658	602872	273868	431161	593527	984721
539909	23339	362528	565724	996020	993324	769991	647275	766288	154653	900584	488813	72792	800378
249380	928436	18259	124013	534222	923372	14710	342922	787455	198184	473968	174808	31935	602962
58759	654024	941515	255493	465330	603665	691822	507437	131439	537941	529716	164284	367496	416587
677843	200387	230270	102184	649867	96491	221966	680895	662692	974531	735615	638391	165556	406989
831586	916558	122803	824841	855806	577082	109635	991884	535601	565313	12064	871728	181688	247009
843585	410975	757102	269071	332695	308665	267048	455169	495112	514855	966065	620252	750547	21224
410566	759390	40828	197807	595162	926665	717864	318076	151036	84271	487514	830405	828821	232382
56554	630742	88438	17360	964983	458471	25132	690556	146947	317635	650272	630267	409188	82272
928593	256535	907546	5556	346813	449536	877521	389761	617664	932998	813691	206439	153939	877028
587404	34584	821716	446195	681409	991452	633808	3143	322515	359050	758062	956025	520956	658636
287944	662517	972242	896167	116591	71169	77914	786098	766397	499768	647301	893532	293746	687701
565258	882124	266363	916437	416215	960002	844734	186318	446074	403629	446286	556622	248793	612446
861365	451349	834595	901676	209486	508084	953790	335922	444569	798747	439763	86638	339277	387140
392614	489352	15629	818964	761565	87384	940568	481376	254810	607579	541185	636974	474095	756301
472231	974150	561378	446874	757154	24776	592408	444779	357888	266285	23358	314170	561744	653136
947783	70401	195637	875335	930124	862011	490375	214588	584195	128497	31936	932568	837602	435067
521543	915535	111561	86287	631580	908760	701698	351106	641384	296869	719235	957270	645961	22303
850646	411456	667171	910950	352949	647176	506541	629139	217125	359316	839650	806270	780109	582475
3235	130929	902958	251836	173213	959929	528159	141901	370211	308094	104812	988843	190980	477448
594852	189846	84425	78968	422794	94754	634977	126102	367852	67178	479894	90245	235225	95219
39382	713491	216994	603547	499973	939566	701689	530635	632435	392479	488781	891441	634080	370046
719710	892348	599559	58536	978113	90478	701221	81790	312196	242247	898497	401292	63103	857176
669179	654071	4541	436118	5009	177266	211387	452666	703250	841911	367864	743479	362548	101926
759299	680743	131214	620263	847302	347167	117181	483314	170781	498113	706551	881755	426296	700807
28555	555355	472356	429806	303730	939533	329613	327971	547676	92269	97096	174976	52465	4216
839296	700914	452259	782412	764437	584178	790349	408060	582291	652843	827435	573036	395487	913123
353553	740179	307367	984016	204836	539500	448405	774654	338613	623458	968996	247230	336465	634096
961260	997304	231682	785121	756268	922916	100448	73331	941777	238957	718162	789584	630348	262775
315163	100034	366110	38598	947162	772769	653810	745013	218112	47362	419397	800249	645726	225614
83605	762039	678889	490049	961906	803415	183698	625995	199504	64172	438627	108394	392650	503992
863427	963185	513159	697515	931006	285147	148122	49466	766137	521711	914281	747205	864692	525151
923856	698814	481889	61443	103981	684216	493874	218010	820141	308326	84497	443335	864798	481921
141047	861396	774362	763265	337287	709085	898665	288459	34765	204942	765144	128033	989376	124717
524941	439614	301596	813350	74731	489060	755176	724478	534530	414440	996583	492551	116568	387101
308240	845414	900874	387997	753676	446041	15780	437111	181147	402496	240534	307089	928720	961097
601599	667507	570511	223178	291948	598281	484014	220694	794941	635229	971771	528113	802264	326450
122149	604144	209633	796690	421379	499924	970903	400811	506628	83519	632153	163864	124396	261310
601348	372282	558048	888829	605895	552498	476693	899951	858429	325759	282318	777209	87341	273320
302600	525865	272810	969841	988148	247376	237447	212231	485167	676834	167243	751543	924214	835597
69255	899360	491361	733254	126068	279629	787743	981819	586781	154864	628115	492640	689364	935490
392655	772133	567968	778228	945283	257207	574637	86741	64690	854836	173702	989472	704930	473870
810054	889414	698448	301986	216274	385427	42740	498625	263895	418682	90627	731407	357016	531912
722330	485907	100957	390561	266468	755650	40695	695936	139506	911260	169404	172130	578884	689795
960048	533293	27914	716924	236059	552616	935792	621298	721667	45825	721828	212025	501601	681812
20929	918124	730336	247209	657860	673379	894199	249824	895953	824365	11358	22909	506652	450807
372475	320537	307198	48393	531424	100724	719677	123834	190997	532553	285079	68752	616096	233995
743329	182002	366027	872147	199208	464219	200088	191347	544302	32799	714662	813120	462788	466233
309361	299322	237102	689497	570087	684028	516542	651050	231626	911358	546788	9855	577075	801085
274905	156534	574678	295244	564866	460572	80701	51850	907432	931327	221183	350502	699304	629160
687553	87544	48770	858098	894893	559973	192938	642862	924692	326864	231910	912460	692688	362432
32659	627033	77638	106390	965403	481730	961390	44977	993345	545127	480527	875764	79931	632698
554932	161829	457132	505746	447970	7824	851301	43935	438958	467714	991425	715076	75225	505180
422909	653451	108814	657472	295186	578433	438493	42220	889563	609446	587786	455882	762305	921158
745713	363753	446000	52211	660351	840568	104882	230014	293887	301596	885245	170315	779100	124548
565999	877341	829432	439023	930524	517262	129438	167898	768033	51156	156537	431306	696679	366619
606742	902723	688613	44933	445044	795978	480834	858932	922288	621361	352787	456572	584413	949773
943967	348956	971108	432204	957180	171449	886458	960855	363345	243784	281299	748327	766063	581098
585581	456384	583735	728197	245204	128217	277826	736433	616633	850169	251261	805155	951854	242353
564562	909232	574588	848061	347417	710686	799863	805116	830996	705379	729707	885769	99473	532846
204774	443107	52981	982562	999182	174305	146433	600945	512867	577472	903452	812541	168579	529855
793555	293802	916087	689634	185150	173809	148238	912552	313399	229325	562513	915038	375087	523831
522439	101889	532965	187409	133747	293975	318264	344414	857363	541539	48712	793809	893625	333293
775908	927710	470959	786702	625010	878606	313283	283478	5896	358327	127220	541586	509474	474305
448991	987542	790476	164564	846981	471960	329170	902322	168782	163645	544942	768721	226500	699254
817565	859484	600279	553115	360064	784973	160113	125509	603143	435918	198737	340839	836001	363633
315090	756644	931552	259145	424939	860728	383830	245665	452607	77774	104117	777345	140671	427300
801913	398274	874574	364849	848404	7194	191336	493329	876449	474624	180544	606156	223766	727591
782003	176218	231621	190100	959654	417909	626222	439922	481683	933430	101507	414227	218913	223827
632268	152847	318181	2353	712256	91673	283550	197265	229565	767253	445333	498528	440641	997463
10213	239486	101506	965582	975659	5076	131226	325891	978280	129656	259940	912117	174695	995066
996486	510642	176934	224415	306673	508071	523557	532584	756786	731770	648113	236485	778214	363620
525773	116151	283083	458629	679768	793616	197440	503456	57903	997235	515255	480272	940287	63860
550766	919081	740850	33998	620106	685955	998605	852812	873478	171509	588922	934043	692871	129702
702392	437761	73485	652567	598538	149826	989837	351697	104609	133637	55595	131499	781932	981799
728077	172900	647084	438703	465067	28981	182009	365619	372894	811459	497003	942565	588365	43584
831806	446630	574217	22384	528395	267151	814538	67104	891323	295765	52523	527132	434470	783333
162333	577648	696174	217538	587730	934742	429635	941975	464879	760522	235501	589777	564593	943899
464491	468989	79749	825536	379591	73821	740006	314617	786548	507042	81470	731604	336673	291835
956776	248732	220375	114265	888128	428910	665781	827037	463683	209952	309502	308342	319167	780529
995797	306834	141836	384984	809456	322023	591165	440338	31010	88991	577033	609467	634608	887895
766736	436736	919147	483664	24846	577712	34999	91614	140942	484488	89772	94926	448818	727376
453364	64390	913279	914005	840421	84364	602	373311	808211	468101	857078	323858	87277	461502
193248	130912	941165	557235	234755	659095	792770	729826	50481	631960	288478	487827	269211	515874
185612	507442	697876	349229	151572	4409	291354	775107	414073	360540	832119	28416	73176	271107
76572	108472	508659	444923	7262	157598	550842	923454	532330	689280	567593	120752	461984	861854
315473	281548	444501	227049	253326	246800	853293	810178	545411	395809	68867	68033	330737	56885
571279	660351	349112	94411	186981	291840	584943	618047	663984	467635	836796	965418	167324	498694
383510	493427	282495	885257	952292	605813	727165	141601	20948	368395	356501	204709	987143	867105
499083	480229	47931	336993	4960	574055	651956	894453	482608	600121	187003	654869	323338	757305
914810	749753	130472	477643	